id: 1
label: 1
coefficients:
 - id: lnL
   estimate: -.0162567
   standard_error: .0214646
   t_statistic: -.7573738
   p_value: .4493474
 - id: lnQ
   estimate: .020808
   standard_error: .0177843
   t_statistic: 1.170024
   p_value: .242806
 - id: lnK
   estimate: .0253553
   standard_error: .0096855
   t_statistic: 2.617858
   p_value: .0092416
 - id: exporter
   estimate: .083711
   standard_error: .0273566
   t_statistic: 3.05999
   p_value: .0023884
 - id: _cons
   estimate: -.3479184
   standard_error: .1675781
   t_statistic: -2.076157
   p_value: .038626
extra_rows:
 - id: R2
   value: .3872447254085704
 - id: observations
   value: 4559
