id: 1
label: 1
coefficients:
 - id: lnL
   estimate: 0.00707
   standard_error: 0.00546
   t_statistic: 1.29361
   p_value: 0.19599
 - id: lnKL
   estimate: 0.00607
   standard_error: 0.00437
   t_statistic: 1.38929
   p_value: 0.16494
 - id: lnQL
   estimate: 0.01764
   standard_error: 0.00737
   t_statistic: 2.39411
   p_value: 0.01678
 - id: exporter
   estimate: 0.06798
   standard_error: 0.01271
   t_statistic: 5.34934
   p_value: 0.00000
 - id: _cons
   estimate: 0.02400
   standard_error: 0.07052
   t_statistic: 0.34032
   p_value: 0.73366
extra_rows:
 - id: R2
   value: .0634398240255137
 - id: observations
   value: 108066
