id: 1
label: 1
coefficients:
 - id: lnL
   estimate: 0.01039
   standard_error: 0.00595
   t_statistic: 1.74650
   p_value: 0.08093
 - id: lnKL
   estimate: 0.00491
   standard_error: 0.00474
   t_statistic: 1.03613
   p_value: 0.30031
 - id: lnQL
   estimate: 0.01900
   standard_error: 0.00791
   t_statistic: 2.40040
   p_value: 0.01650
 - id: exporter
   estimate: 0.07477
   standard_error: 0.01380
   t_statistic: 5.41855
   p_value: 0.00000
 - id: _cons
   estimate: 0.00707
   standard_error: 0.07725
   t_statistic: 0.09158
   p_value: 0.92704
extra_rows:
 - id: R2
   value: .0725381472293186
 - id: observations
   value: 94112
