id: 1
label: 1
coefficients:
 - id: lnL
   estimate: 0.00228
   standard_error: 0.00700
   t_statistic: 0.32530
   p_value: 0.74501
 - id: lnKL
   estimate: 0.00514
   standard_error: 0.00553
   t_statistic: 0.92945
   p_value: 0.35283
 - id: lnQL
   estimate: 0.02038
   standard_error: 0.00914
   t_statistic: 2.22998
   p_value: 0.02592
 - id: exporter
   estimate: 0.08568
   standard_error: 0.01678
   t_statistic: 5.10557
   p_value: 0.00000
 - id: _cons
   estimate: 0.02639
   standard_error: 0.09073
   t_statistic: 0.29083
   p_value: 0.77123
extra_rows:
 - id: R2
   value: .0887379720725959
 - id: observations
   value: 71888
