id: 1
label: 1
coefficients:
 - id: lnL
   estimate: -0.02386
   standard_error: 0.01097
   t_statistic: -2.17629
   p_value: 0.02971
 - id: lnQ
   estimate: 0.02305
   standard_error: 0.00924
   t_statistic: 2.49331
   p_value: 0.01277
 - id: lnK
   estimate: 0.00234
   standard_error: 0.00711
   t_statistic: 0.32859
   p_value: 0.74251
 - id: exporter
   estimate: 0.04353
   standard_error: 0.01875
   t_statistic: 2.32227
   p_value: 0.02037
 - id: _cons
   estimate: 0.04643
   standard_error: 0.08218
   t_statistic: 0.56491
   p_value: 0.57223
extra_rows:
 - id: R2
   value: .0762060649432277
 - id: observations
   value: 107455
