id: 1
label: 1
coefficients:
 - id: lnL
   estimate: .0156555
   standard_error: .0180029
   t_statistic: .8696064
   p_value: .3855084
 - id: lnQ
   estimate: .003369
   standard_error: .0118455
   t_statistic: .2844129
   p_value: .7763742
 - id: lnK
   estimate: .0209533
   standard_error: .0100931
   t_statistic: 2.076013
   p_value: .0391102
 - id: exporter
   estimate: .1221704
   standard_error: .0273739
   t_statistic: 4.463026
   p_value: .0000132
 - id: _cons
   estimate: -.2868486
   standard_error: .1465264
   t_statistic: -1.957659
   p_value: .0515948
extra_rows:
 - id: R2
   value: .4303833061183252
 - id: observations
   value: 3561
