id: 1
label: 1
coefficients:
 - id: lnL
   estimate: -.01102
   standard_error: .0097475
   t_statistic: -1.130544
   p_value: .2584345
 - id: lnQ
   estimate: .0140834
   standard_error: .0080519
   t_statistic: 1.749074
   p_value: .0804905
 - id: lnK
   estimate: .015037
   standard_error: .0052786
   t_statistic: 2.848652
   p_value: .0044527
 - id: exporter
   estimate: .0840832
   standard_error: .0152058
   t_statistic: 5.529681
   p_value: 3.80e-08
 - id: _cons
   estimate: -.1550996
   standard_error: .0811714
   t_statistic: -1.910766
   p_value: .0562324
extra_rows:
 - id: R2
   value: .129609678118045
 - id: observations
   value: 18405
